#import dependancies


x<-c(2,3,16,19,20)
